l 1 (
00 00 00 00 00 00 00 00 00 00 00 00
00 01 01 01 01 30 01 01 01 01 01 00
00 01 01 01 01 30 01 01 00 00 00 00
00 01 01 01 01 30 01 01 00 01 01 01
00 01 01 01 00 30 00 01 00 00 00 00
00 01 01 01 00 01 00 01 01 01 01 00
00 01 01 01 00 01 00 01 00 00 00 00
00 01 01 01 00 92 00 01 00 01 01 01
00 01 01 01 01 92 01 01 00 00 00 00
00 01 01 01 01 43 01 01 01 01 01 00
00 01 01 01 01 01 01 00 00 00 00 00
00 00 00 00 00 51 01 00 01 01 01 01
)

l 2 (
51 00 00 91 91 91 00 00 00 00 00 10
10 10 10 10 10 10 10 10 10 10 00 10
41 00 00 20 00 10 00 41 76 10 00 10
00 93 00 10 00 10 00 41 73 10 00 10
10 30 10 10 00 10 00 41 70 10 00 10
30 00 00 10 00 10 10 10 20 10 00 10
00 94 00 10 00 20 92 92 92 10 00 10
10 20 10 10 00 10 10 10 10 10 00 10
00 00 00 10 00 00 00 00 00 00 00 10
00 00 00 10 10 20 10 10 10 20 10 10
41 00 30 10 30 91 41 10 00 92 00 10
41 70 30 10 91 52 48 10 91 43 91 10
)

l 3 (
52 00 21 20 20 00 00 00 00 00 00 00
00 00 10 10 10 00 94 00 00 00 10 10
00 10 10 10 10 10 95 10 10 10 10 10
00 10 77 95 10 00 00 00 21 93 93 93
00 10 95 95 20 00 00 00 10 93 40 93
00 10 10 10 10 00 00 00 10 93 74 93
00 10 00 06 10 00 00 00 10 93 93 93
00 11 00 00 20 00 00 00 10 10 10 10
00 10 10 10 10 00 00 00 23 94 94 94
00 10 48 40 21 00 00 00 10 94 71 94
00 10 48 40 11 00 00 00 10 94 94 94
51 10 10 10 10 00 00 00 10 10 10 10
)


l 4 (
51 10 00 00 20 00 10 00 00 00 20 00
00 10 00 00 10 00 10 91 91 91 10 91
00 20 00 00 10 00 10 00 00 00 10 00
10 10 10 20 10 00 10 30 00 30 10 00
00 00 93 00 10 00 10 30 31 30 10 00
30 00 00 92 10 00 10 10 10 10 10 00
00 00 92 30 10 48 00 00 00 00 00 00
10 96 10 10 10 00 10 10 10 10 10 91
00 00 00 00 10 91 10 00 00 00 00 00
33 34 32 00 10 00 10 20 10 10 10 10
10 10 10 10 10 00 10 00 10 00 00 00
52 00 00 00 00 00 10 00 11 00 00 00
)

l 5 (
52 10 41 41 10 00 92 00 30 91 00 00
00 10 41 41 10 00 10 10 10 10 10 21
00 10 30 91 10 00 10 41 00 00 94 00
00 10 10 91 10 00 10 41 00 94 00 00
00 20 20 00 20 00 10 05 94 00 94 00
00 10 10 10 10 48 10 10 10 10 10 10
00 91 00 92 00 30 00 94 95 00 00 00
10 10 10 10 10 00 10 10 10 10 10 00
92 92 65 65 10 00 20 20 00 00 20 00
92 92 00 00 10 00 10 10 22 11 10 00
20 10 10 10 10 00 10 00 00 00 10 00
00 91 00 00 94 00 10 41 30 41 10 51
)

l 6 (
51 10 41 10 10 60 60 10 10 30 10 91
00 10 41 10 00 00 00 00 10 30 10 91
00 10 92 10 91 10 10 95 10 41 10 91
00 10 00 10 00 10 10 00 10 00 10 00
20 10 20 10 21 10 10 20 10 94 10 20
00 95 00 93 00 00 00 00 00 00 00 00
00 95 00 93 00 00 00 00 00 00 00 00
20 10 20 10 00 10 10 20 10 95 10 20
00 10 00 10 00 10 10 00 10 00 10 00
00 10 00 10 00 10 10 91 10 40 10 00
91 10 91 10 00 10 10 92 10 30 10 00
00 91 00 10 00 10 10 40 10 30 10 52
)

l 7 (
52 00 20 20 00 51 00 10 30 00 00 30
00 00 10 10 00 00 00 10 00 43 43 00
20 10 10 10 10 20 10 10 00 32 33 00
00 10 30 30 30 00 00 10 00 00 00 00
41 10 10 10 10 10 93 10 00 00 00 00
00 91 91 91 00 10 00 10 96 11 11 96
00 91 91 91 00 10 00 10 00 00 00 00
10 10 10 10 20 10 92 10 10 20 10 10
00 00 00 92 00 94 00 93 00 00 00 00
20 10 10 10 10 10 10 10 10 10 10 20
91 00 10 00 00 10 31 41 10 00 00 00
00 92 21 20 41 10 30 00 20 94 00 00
)

l 8 (
03 33 10 00 00 52 00 00 10 40 40 40
34 32 10 20 10 10 10 21 10 40 43 40
00 00 96 00 10 01 10 00 97 40 40 40
10 23 10 00 10 01 10 00 10 10 24 10
00 00 00 00 10 01 10 00 00 00 00 00
10 10 93 10 10 01 10 10 10 93 10 10
10 10 93 10 10 01 10 10 10 93 10 10
00 00 00 00 10 01 10 00 00 00 00 00
94 10 10 10 10 01 10 10 10 10 10 93
94 10 43 30 10 01 10 00 32 32 10 93
94 10 10 23 10 10 10 22 11 11 11 93
00 00 00 00 00 51 00 91 00 91 91 00
)

l 9 (
10 10 10 10 10 41 00 20 00 10 41 20
10 00 00 00 10 00 92 10 00 10 00 00
10 00 00 00 10 92 00 10 95 10 00 00
10 00 00 00 10 20 10 10 00 20 00 00
10 23 23 10 10 00 93 10 10 10 10 92
95 00 00 95 10 95 00 20 94 00 10 00
00 00 00 00 10 10 10 10 00 40 10 00
40 00 00 00 93 00 00 20 92 00 10 00
10 21 10 10 10 10 10 10 10 10 10 93
00 93 00 00 20 00 00 00 00 00 92 00
30 00 00 00 10 00 10 10 10 21 10 00
30 41 41 41 10 52 10 41 00 93 10 51
)

l 10 (
05 10 00 10 30 40 40 30 10 00 01 01
10 10 00 10 30 41 41 30 10 00 01 01
00 00 00 10 10 00 00 10 10 00 95 00
00 00 00 10 10 94 94 10 10 10 10 00
20 10 10 10 00 96 96 00 10 00 00 00
00 95 00 20 95 00 00 00 10 00 00 00
10 10 10 10 00 00 00 95 21 00 00 00
33 32 00 10 00 40 00 00 10 31 00 94
32 32 00 10 10 10 10 10 10 22 10 23
00 00 00 10 10 65 65 10 10 94 00 93
10 10 20 10 40 00 00 40 10 10 00 10
51 00 00 93 00 00 00 00 93 00 00 52
)

l 11 (
01 01 01 01 01 01 01 01 01 01 01 01
01 01 01 01 01 01 01 01 01 01 01 01
01 01 01 01 01 01 01 01 01 01 01 01
01 01 01 01 01 10 10 01 01 01 01 01
01 01 01 01 10 10 10 10 01 01 01 01
01 01 01 10 10 66 66 10 10 01 01 01
01 01 10 10 10 24 24 10 10 10 01 01
01 01 10 10 10 23 23 10 10 10 01 01
01 01 01 10 10 22 22 10 10 01 01 01
01 01 01 01 10 21 21 10 01 01 01 01 
10 10 10 10 10 20 20 10 10 10 10 10
52 00 00 00 00 00 00 00 00 00 00 51
)

l 12 (
00 00 00 10 00 10 00 00 94 94 00 00
00 04 00 97 00 22 00 00 94 94 00 00
00 00 00 24 00 10 00 00 94 94 00 00
10 20 10 10 10 10 10 10 10 10 21 10
10 23 10 10 40 40 40 24 10 40 93 40
00 95 00 10 40 43 22 23 10 93 00 93
00 96 00 24 40 67 67 10 10 94 93 94
00 00 00 10 40 43 22 21 10 00 00 00
40 00 97 10 40 40 40 20 10 00 00 00
10 10 24 10 10 10 10 10 10 20 10 10
10 00 97 00 10 97 96 95 94 93 92 00
10 00 05 00 10 51 24 23 22 21 20 52
)

l 13 (
10 10 11 11 97 97 97 11 11 10 10 10
01 01 97 01 00 00 00 01 97 01 01 01
01 01 97 01 00 98 00 01 97 01 01 01
01 01 96 01 00 00 00 01 96 01 01 01
01 01 96 01 01 24 01 01 96 01 01 01
01 01 96 95 01 23 01 95 96 01 01 01
01 01 01 95 01 22 01 95 01 01 01 01
01 01 01 95 01 21 01 95 01 01 01 01
01 01 10 22 22 20 22 22 10 01 01 01
01 01 10 00 00 00 00 00 10 01 01 01
01 01 10 00 00 00 00 00 10 01 01 01
01 01 10 00 00 52 00 00 10 01 01 01
)


